50.0,100.0,0.1,33.54224950807552,6.5296287598464735
50.0,100.0,0.14444444444444446,35.32959507410858,7.226880147375264
50.0,100.0,0.18888888888888888,37.67288136520039,8.090679285537192
50.0,100.0,0.23333333333333334,40.59788710991848,9.10878018431158
50.0,100.0,0.2777777777777778,44.12665803287616,10.268797662726435
50.0,100.0,0.32222222222222224,48.2784981794444,11.55756025071299
50.0,100.0,0.3666666666666667,53.070619945734684,12.9609817446466
50.0,100.0,0.4111111111111111,58.51858698038335,14.464077238500012
50.0,100.0,0.4555555555555556,64.63662835938655,16.051020279260875
50.0,100.0,0.5,71.43786935611548,17.70520836567573
50.0,122.22222222222223,0.1,40.64417987990544,7.767014183297234
50.0,122.22222222222223,0.14444444444444446,42.49420091500664,8.462409906506366
50.0,122.22222222222223,0.18888888888888888,44.90215208214444,9.324490182389235
50.0,122.22222222222223,0.23333333333333334,47.893376225430295,10.339806553811002
50.0,122.22222222222223,0.2777777777777778,51.48964642869528,11.495281436556175
50.0,122.22222222222223,0.32222222222222224,55.710079022711916,12.777299565664505
50.0,122.22222222222223,0.3666666666666667,60.571748804953195,14.171469906963527
50.0,122.22222222222223,0.4111111111111111,66.09011398791486,15.66258777576825
50.0,122.22222222222223,0.4555555555555556,72.27932013507586,17.234662487750807
50.0,122.22222222222223,0.5,79.15242464866483,18.870965407390543
50.0,144.44444444444446,0.1,47.73511264745855,8.994269746527259
50.0,144.44444444444446,0.14444444444444446,49.642326307812056,9.683457982112762
50.0,144.44444444444446,0.18888888888888888,52.109285474054985,10.539729751473441
50.0,144.44444444444446,0.23333333333333334,55.16093523697165,11.548462062721672
50.0,144.44444444444446,0.2777777777777778,58.81879989019952,12.695900741304895
50.0,144.44444444444446,0.32222222222222224,63.10182447116705,13.967996534799434
50.0,144.44444444444446,0.3666666666666667,68.02695821582405,15.350060008603355
50.0,144.44444444444446,0.4111111111111111,73.60956312406879,16.826671064409535
50.0,144.44444444444446,0.4555555555555556,79.86370855252963,18.381677811323517
50.0,144.44444444444446,0.5,86.80238996965358,19.99822759478072
50.0,166.66666666666666,0.1,54.817511063857545,10.213664344578891
50.0,166.66666666666666,0.14444444444444446,56.777662557849695,10.893267994465402
50.0,166.66666666666666,0.18888888888888888,59.29923987855216,11.74055761519169
50.0,166.66666666666666,0.23333333333333334,62.406819953907124,12.73975735616373
50.0,166.66666666666666,0.2777777777777778,66.12169679587112,13.87644872360956
50.0,166.66666666666666,0.32222222222222224,70.46265689173593,15.13615608839376
50.0,166.66666666666666,0.3666666666666667,75.44653325695967,16.503896605379662
50.0,166.66666666666666,0.4111111111111111,81.08859883648891,17.96403814998907
50.0,166.66666666666666,0.4555555555555556,87.4028524494386,19.50026997202397
50.0,166.66666666666666,0.5,94.40223223797942,21.095617039329493
50.0,188.88888888888889,0.1,61.89303663249565,11.42672838323013
50.0,188.88888888888889,0.14444444444444446,63.90269950924729,12.094027817005639
50.0,188.88888888888889,0.18888888888888888,66.47535977319072,12.929779504985653
50.0,188.88888888888889,0.23333333333333334,69.63525001911088,13.91707219393226
50.0,188.88888888888889,0.2777777777777778,73.40344888248093,15.040832952978924
50.0,188.88888888888889,0.32222222222222224,77.79859456276209,16.286165905336986
50.0,188.88888888888889,0.3666666666666667,82.83741137740107,17.63779881377611
50.0,188.88888888888889,0.4111111111111111,88.53508898055787,19.07989025533433
50.0,188.88888888888889,0.4555555555555556,94.90556021944057,20.595972510798013
50.0,188.88888888888889,0.5,101.96170962044066,22.168949492310613
50.0,211.11111111111111,0.1,68.96287289102145,12.634552015449257
50.0,211.11111111111111,0.14444444444444446,71.01921075107862,13.287295936221545
50.0,211.11111111111111,0.18888888888888888,73.64002752752647,14.109394025737322
50.0,211.11111111111111,0.23333333333333334,76.84923120809059,15.082814078158815
50.0,211.11111111111111,0.2777777777777778,80.66769739021103,16.191836905900065
50.0,211.11111111111111,0.32222222222222224,85.11392448060593,17.4211514581241
50.0,211.11111111111111,0.3666666666666667,90.20453432578316,18.755199431952995
50.0,211.11111111111111,0.4111111111111111,95.95463806066431,20.1779323641729
50.0,211.11111111111111,0.4555555555555556,102.37810633993766,21.67272713132581
50.0,211.11111111111111,0.5,109.48777314574684,23.22236768410646
50.0,233.33333333333331,0.1,76.02789827023676,13.83794436120569
50.0,233.33333333333331,0.14444444444444446,78.12851265487954,14.474229072845223
50.0,233.33333333333331,0.18888888888888888,80.79501135468026,15.2808845574567
50.0,233.33333333333331,0.23333333333333334,84.05099443068882,16.238769875556375
50.0,233.33333333333331,0.2777777777777778,87.91714487570309,17.33152650016215
50.0,233.33333333333331,0.32222222222222224,92.41182848714185,18.543432496627943
50.0,233.33333333333331,0.3666666666666667,97.5515699061855,19.858646309270235
50.0,233.33333333333331,0.4111111111111111,103.35140578333709,21.260914344099117
50.0,233.33333333333331,0.4555555555555556,109.82514777661396,22.733459396582408
50.0,233.33333333333331,0.5,116.9855819211981,24.258946381266146
50.0,255.55555555555554,0.1,83.08878602489446,15.03752555342725
50.0,255.55555555555554,0.14444444444444446,85.23161412583778,15.65571377107454
50.0,255.55555555555554,0.18888888888888888,87.94166646428855,16.445388005452568
50.0,255.55555555555554,0.23333333333333334,91.2422495206814,17.38630909241352
50.0,255.55555555555554,0.2777777777777778,95.15386265647004,18.461485114863027
50.0,255.55555555555554,0.32222222222222224,99.69474523793643,19.654786944190935
50.0,255.55555555555554,0.3666666666666667,104.8813292296528,20.950092191109146
50.0,255.55555555555554,0.4111111111111111,110.72858026787384,22.330943773107396
50.0,255.55555555555554,0.4555555555555556,117.25025376255427,23.780411542579508
50.0,255.55555555555554,0.5,124.45909003572544,25.28104217373248
50.0,277.77777777777777,0.1,90.14606564913782,16.233783307576715
50.0,277.77777777777777,0.14444444444444446,92.3293086368338,16.832447270637218
50.0,277.77777777777777,0.18888888888888888,95.081058687023,17.603798510761365
50.0,277.77777777777777,0.23333333333333334,98.42434120971183,18.526508803278855
50.0,277.77777777777777,0.2777777777777778,102.37947975998986,19.582958028933767
50.0,277.77777777777777,0.32222222222222224,106.9645926605417,20.756613082805284
50.0,277.77777777777777,0.3666666666666667,112.19602314850812,22.031072851615267
50.0,277.77777777777777,0.4111111111111111,118.08866887198592,23.38967819642842
50.0,277.77777777777777,0.4555555555555556,124.65623138973454,24.81534701893422
50.0,277.77777777777777,0.5,131.91140725858372,26.290508446970062
50.0,300.0,0.1,97.20016250141173,17.42710942003827
50.0,300.0,0.14444444444444446,99.42223360830896,18.004989685011452
50.0,300.0,0.18888888888888888,102.21404423646555,18.756834363557928
50.0,300.0,0.23333333333333334,105.59834976083482,19.660234254276126
50.0,300.0,0.2777777777777778,109.59530483264415,20.696945612097537
50.0,300.0,0.32222222222222224,114.22291148338932,21.85003419411865
50.0,300.0,0.3666666666666667,119.49742770639219,23.102822023985663
50.0,300.0,0.4111111111111111,125.43368583093992,24.438449169605494
50.0,300.0,0.4555555555555556,132.04533567889993,25.839682457343535
50.0,300.0,0.5,139.3450317602078,27.288834080825794
55.55555555555556,100.0,0.1,35.092735667132885,6.942963299026485
55.55555555555556,100.0,0.14444444444444446,37.25450681944397,7.803472970198063
55.55555555555556,100.0,0.18888888888888888,40.111966599847115,8.874087536751155
55.55555555555556,100.0,0.23333333333333334,43.69807630695782,10.140719318819007
55.55555555555556,100.0,0.2777777777777778,48.040890947209064,11.588555453351638
55.55555555555556,100.0,0.32222222222222224,53.16490864733894,13.201526766844847
55.55555555555556,100.0,0.3666666666666667,59.091933482353966,14.962264824678854
55.55555555555556,100.0,0.4111111111111111,65.84165570029832,16.852180361143652
55.55555555555556,100.0,0.4555555555555556,73.4320599870511,18.851567002193644
55.55555555555556,100.0,0.5,81.87972370056345,20.939702432368268
55.55555555555556,122.22222222222223,0.1,42.468597080483065,8.235452560906861
55.55555555555556,122.22222222222223,0.14444444444444446,44.7002978070785,9.097945663438392
55.55555555555556,122.22222222222223,0.18888888888888888,47.62990682418111,10.170450103758538
55.55555555555556,122.22222222222223,0.23333333333333334,51.28989909636047,11.437605942062392
55.55555555555556,122.22222222222223,0.2777777777777778,55.708025433621266,12.88386796746619
55.55555555555556,122.22222222222223,0.32222222222222224,60.908574521876425,14.49269790354977
55.55555555555556,122.22222222222223,0.3666666666666667,66.91319691172566,16.246405376856938
55.55555555555556,122.22222222222223,0.4111111111111111,73.74146521181557,18.12616925153799
55.55555555555556,122.22222222222223,0.4555555555555556,81.41127092970738,20.112110099663976
55.55555555555556,122.22222222222223,0.5,89.93911569675338,22.183372882200707
55.55555555555556,144.44444444444446,0.1,49.832188018691056,9.516639525040947
55.55555555555556,144.44444444444446,0.14444444444444446,52.1277008873504,10.37626055237569
55.55555555555556,144.44444444444446,0.18888888888888888,55.12314753308421,11.446091883765687
55.55555555555556,144.44444444444446,0.23333333333333334,58.850559130870174,12.709532484741471
55.55555555555556,144.44444444444446,0.2777777777777778,63.33740890535807,14.15032243968941
55.55555555555556,144.44444444444446,0.32222222222222224,68.60779442349826,15.75146531182045
55.55555555555556,144.44444444444446,0.3666666666666667,74.68322614178355,17.49495596318697
55.55555555555556,144.44444444444446,0.4111111111111111,81.58316932054574,19.361746258047628
55.55555555555556,144.44444444444446,0.4555555555555556,89.32543044025823,21.331787089425752
55.55555555555556,144.44444444444446,0.5,97.92644203022982,23.384093054754274
55.55555555555556,166.66666666666666,0.1,57.18625683362062,10.789055690063963
55.55555555555556,166.66666666666666,0.14444444444444446,59.54083459999716,11.642036676293765
55.55555555555556,166.66666666666666,0.18888888888888888,62.597220945845535,12.705653936952487
55.55555555555556,166.66666666666666,0.23333333333333334,66.38703627186128,13.962089527754182
55.55555555555556,166.66666666666666,0.2777777777777778,70.93749686804087,15.394382519741258
55.55555555555556,166.66666666666666,0.32222222222222224,76.27252340048773,16.985086807381464
55.55555555555556,166.66666666666666,0.3666666666666667,82.41349665375722,18.71588805566464
55.55555555555556,166.66666666666666,0.4111111111111111,89.37978252594336,20.567514908363368
55.55555555555556,166.66666666666666,0.4555555555555556,97.18910879594196,22.51975119839022
55.55555555555556,166.66666666666666,0.5,105.85784403179997,24.55148299108202
55.55555555555556,188.88888888888889,0.1,64.53265733229844,12.054408592052278
55.55555555555556,188.88888888888889,0.14444444444444446,66.94247696555016,12.897715134726692
55.55555555555556,188.88888888888889,0.18888888888888888,70.05585863232942,13.95226673219599
55.55555555555556,188.88888888888889,0.23333333333333334,73.90403854679984,15.199048006797815
55.55555555555556,188.88888888888889,0.2777777777777778,78.51399269464082,16.620408042119923
55.55555555555556,188.88888888888889,0.32222222222222224,83.90947629118187,18.19845790232714
55.55555555555556,188.88888888888889,0.3666666666666667,90.11174884217853,19.91457853888516
55.55555555555556,188.88888888888889,0.4111111111111111,97.14008331480098,21.749278418695493
55.55555555555556,188.88888888888889,0.4555555555555556,105.0121338804008,23.682176423631255
55.55555555555556,188.88888888888889,0.5,113.74420928571567,25.692031561818077
55.55555555555556,211.11111111111111,0.1,71.87271003589726,13.313914559086246
55.55555555555556,211.11111111111111,0.14444444444444446,74.33460684959636,14.145034794543117
55.55555555555556,211.11111111111111,0.18888888888888888,77.50171869930881,15.188160194387674
55.55555555555556,211.11111111111111,0.23333333333333334,81.40491962187733,16.423094070083973
55.55555555555556,211.11111111111111,0.2777777777777778,86.07095906517593,17.831504644942928
55.55555555555556,211.11111111111111,0.32222222222222224,91.52343627207534,19.395065813654185
55.55555555555556,211.11111111111111,0.3666666666666667,97.78349641732997,21.094857525610703
55.55555555555556,211.11111111111111,0.4111111111111111,104.87032486099669,22.91117059033265
55.55555555555556,211.11111111111111,0.4555555555555556,112.80150638369908,24.82346068453274
55.55555555555556,211.11111111111111,0.5,121.59329333789816,26.810360980027966
55.55555555555556,233.33333333333331,0.1,79.2073950454506,14.568476359279892
55.55555555555556,233.33333333333331,0.14444444444444446,81.71869298148826,15.385286256189517
55.55555555555556,233.33333333333331,0.18888888888888888,84.93677401420089,16.4149893910387
55.55555555555556,233.33333333333331,0.23333333333333334,88.892168614094,17.6362213976026
55.55555555555556,233.33333333333331,0.2777777777777778,93.61141133219542,19.029977356854673
55.55555555555556,233.33333333333331,0.32222222222222224,99.11795345377806,20.57749878080406
55.55555555555556,233.33333333333331,0.3666666666666667,105.43283169765218,22.259567755173403
55.55555555555556,233.33333333333331,0.4111111111111111,112.57514831857432,24.0562595625815
55.55555555555556,233.33333333333331,0.4555555555555556,120.56242227217875,25.946868150895508
55.55555555555556,233.33333333333331,0.5,129.4108524145481,27.90990188801881
55.55555555555556,255.55555555555554,0.1,86.5374635387151,15.818785900205464
55.55555555555556,255.55555555555554,0.14444444444444446,89.09586103784736,16.619458673145918
55.55555555555556,255.55555555555554,0.18888888888888888,92.36253663960935,17.63402281372044
55.55555555555556,255.55555555555554,0.23333333333333334,96.36769325465345,18.839958003314543
55.55555555555556,255.55555555555554,0.2777777777777778,101.13766054903553,20.217592818422666
55.55555555555556,255.55555555555554,0.32222222222222224,106.69574874365824,21.747740505283826
55.55555555555556,255.55555555555554,0.3666666666666667,113.06289115426442,23.41088798515148
55.55555555555556,255.55555555555554,0.4111111111111111,120.25811080212056,25.18689684607467
55.55555555555556,255.55555555555554,0.4555555555555556,128.2988638846058,27.054900576788178
55.55555555555556,255.55555555555554,0.5,137.20129825377825,28.993283629199013
55.55555555555556,277.77777777777777,0.1,93.86350629387843,17.06538734587467
55.55555555555556,277.77777777777777,0.14444444444444446,96.46699632869304,17.84832998418259
55.55555555555556,277.77777777777777,0.18888888888888888,99.78019576623727,18.846258092015212
55.55555555555556,277.77777777777777,0.23333333333333334,103.83299391543568,20.03550562317453
55.55555555555556,277.77777777777777,0.2777777777777778,108.6515242880212,21.395740438083873
55.55555555555556,277.77777777777777,0.32222222222222224,114.25896205162353,22.90735110727922
55.55555555555556,277.77777777777777,0.3666666666666667,120.67614152517535,24.550531741327692
55.55555555555556,277.77777777777777,0.4111111111111111,127.92200987278557,26.304931831555688
55.55555555555556,277.77777777777777,0.4555555555555556,136.01396320786077,28.149525514792842
55.55555555555556,277.77777777777777,0.5,144.96810055184062,30.062574101239747
55.55555555555556,300.0,0.1,101.18599790068693,18.30871783947542
55.55555555555556,300.0,0.14444444444444446,103.83281004998072,19.0725251307266
55.55555555555556,300.0,0.18888888888888888,107.1907067064608,20.05249665153476
55.55555555555556,300.0,0.23333333333333334,111.28927588994155,21.223829647533556
55.55555555555556,300.0,0.2777777777777778,116.15446265923559,22.565536369094268
55.55555555555556,300.0,0.32222222222222224,121.80931243115549,24.05758387788787
55.55555555555556,300.0,0.3666666666666667,128.27456441463224,25.67987555009322
55.55555555555556,300.0,0.4111111111111111,135.5690928949177,27.411850189792744
55.55555555555556,300.0,0.4555555555555556,143.71023626046022,29.23232355860841
55.55555555555556,300.0,0.5,152.71404661926667,31.119434508044225
61.111111111111114,100.0,0.1,36.59299946045964,7.354970135825821
61.111111111111114,100.0,0.14444444444444446,39.164013214426525,8.392680582206076
61.111111111111114,100.0,0.18888888888888888,42.58613163701641,9.689293516578957
61.111111111111114,100.0,0.23333333333333334,46.90037109993854,11.228736416965685
61.111111111111114,100.0,0.2777777777777778,52.141514373174985,12.993530297398129
61.111111111111114,100.0,0.32222222222222224,58.33986869171028,14.96440228655989
61.111111111111114,100.0,0.3666666666666667,65.5223699660006,17.120344069562037
61.111111111111114,100.0,0.4111111111111111,73.71331821257556,19.438762874891843
61.111111111111114,100.0,0.4555555555555556,82.93489190404652,21.895638745281534
61.111111111111114,100.0,0.5,93.20752213608058,24.46566642933554
61.111111111111114,122.22222222222223,0.1,44.22542007709488,8.69977030849409
61.111111111111114,122.22222222222223,0.14444444444444446,46.87361751056234,9.743431779298481
61.111111111111114,122.22222222222223,0.18888888888888888,50.37536953050516,11.045664017172902
61.111111111111114,122.22222222222223,0.23333333333333334,54.77115572499684,12.589054646596422
61.111111111111114,122.22222222222223,0.2777777777777778,60.09542311194509,14.355353663245404
61.111111111111114,122.22222222222223,0.32222222222222224,66.37824775928254,16.324794610807395
61.111111111111114,122.22222222222223,0.3666666666666667,73.6463961272903,18.47603070330694
61.111111111111114,122.22222222222223,0.4111111111111111,81.92403838984333,20.786225630639432
61.111111111111114,122.22222222222223,0.4555555555555556,91.23325017543456,23.231177881946188
61.111111111111114,122.22222222222223,0.5,101.5943789976759,25.785443146834396
61.111111111111114,144.44444444444446,0.1,51.84429734772255,10.032095745890524
61.111111111111114,144.44444444444446,0.14444444444444446,54.56292644006555,11.076349051309535
61.111111111111114,144.44444444444446,0.18888888888888888,58.13734571816561,12.379164271534222
61.111111111111114,144.44444444444446,0.23333333333333334,62.60754494423968,13.92182357568731
61.111111111111114,144.44444444444446,0.2777777777777778,68.00766475567924,15.685325414391054
61.111111111111114,144.44444444444446,0.32222222222222224,74.36757027583589,17.64942182400299
61.111111111111114,144.44444444444446,0.3666666666666667,81.71387333830002,19.79243546603283
61.111111111111114,144.44444444444446,0.4111111111111111,90.0706256329146,22.091291867244568
61.111111111111114,144.44444444444446,0.4555555555555556,99.4598089408473,24.52161168811093
61.111111111111114,144.44444444444446,0.5,109.90169450540485,27.057814164100126
61.111111111111114,166.66666666666666,0.1,59.452664722947496,11.3547405502432
61.111111111111114,166.66666666666666,0.14444444444444446,62.23648577708624,12.395426856535877
61.111111111111114,166.66666666666666,0.18888888888888888,65.8781663009559,13.694916777620806
61.111111111111114,166.66666666666666,0.23333333333333334,70.41724267105123,15.233213720914069
61.111111111111114,166.66666666666666,0.2777777777777778,75.88757193713803,16.990579703638005
61.111111111111114,166.66666666666666,0.32222222222222224,82.31882397101074,18.946294627319876
61.111111111111114,166.66666666666666,0.3666666666666667,89.73746748287653,21.07835674591752
61.111111111111114,166.66666666666666,0.4111111111111111,98.16744449305448,23.363457594523666
61.111111111111114,166.66666666666666,0.4555555555555556,107.63064991707061,25.777042895553347
61.111111111111114,166.66666666666666,0.5,118.14728440198414,28.29339745175563
61.111111111111114,188.88888888888889,0.1,67.05256831342984,12.66958938792687
61.111111111111114,188.88888888888889,0.14444444444444446,69.89736171855944,13.703359520604348
61.111111111111114,188.88888888888889,0.18888888888888888,73.60194994104991,14.99637674174507
61.111111111111114,188.88888888888889,0.23333333333333334,78.20544531748942,16.527387193876194
61.111111111111114,188.88888888888889,0.2777777777777778,83.74143966549296,18.275928630473892
61.111111111111114,188.88888888888889,0.32222222222222224,90.23942024313767,20.220816366057175
61.111111111111114,188.88888888888889,0.3666666666666667,97.72572190104256,22.33972919566777
61.111111111111114,188.88888888888889,0.4111111111111111,106.22418408846553,24.609128022069804
61.111111111111114,188.88888888888889,0.4555555555555556,115.75662047775108,27.004285957475286
61.111111111111114,188.88888888888889,0.5,126.34316568911906,29.4993549997954
61.111111111111114,211.11111111111111,0.1,74.6454656238665,13.977984762133959
61.111111111111114,211.11111111111111,0.14444444444444446,77.54773840658531,15.00206629076415
61.111111111111114,211.11111111111111,0.18888888888888888,81.31163048243774,16.286005408808
61.111111111111114,211.11111111111111,0.23333333333333334,85.97585444042949,17.807308788865353
61.111111111111114,211.11111111111111,0.2777777777777778,91.57375206059788,19.54479999464669
61.111111111111114,211.11111111111111,0.32222222222222224,98.1346384488456,21.476836001713327
61.111111111111114,211.11111111111111,0.3666666666666667,105.68472226472818,23.58078024264763
61.111111111111114,211.11111111111111,0.4111111111111111,114.24774626251538,25.832865768732706
61.111111111111114,211.11111111111111,0.4555555555555556,123.84544752561534,28.208195008964346
61.111111111111114,211.11111111111111,0.5,134.4978984299427,30.680788503968117
61.111111111111114,233.33333333333331,0.1,82.23243842552264,15.280923089123096
61.111111111111114,233.33333333333331,0.14444444444444446,85.18923692833297,16.292971647176113
61.111111111111114,233.33333333333331,0.18888888888888888,89.00938544683292,17.565629533821895
61.111111111111114,233.33333333333331,0.23333333333333334,93.73121736402939,19.075178999148424
61.111111111111114,233.33333333333331,0.2777777777777778,99.38783727090961,20.799737935656015
61.111111111111114,233.33333333333331,0.32222222222222224,106.0083969674799,22.717210263298412
61.111111111111114,233.33333333333331,0.3666666666666667,113.618985406735,24.80464751616143
61.111111111111114,233.33333333333331,0.4111111111111111,122.24325361676266,27.038057245531316
61.111111111111114,233.33333333333331,0.4555555555555556,131.90286602766324,29.392372826647204
61.111111111111114,233.33333333333331,0.5,142.61783596955604,31.841484482338906
61.111111111111114,255.55555555555554,0.1,89.8143158191588,16.579168051110955
61.111111111111114,255.55555555555554,0.14444444444444446,92.82309973185774,17.577167352602434
61.111111111111114,255.55555555555554,0.18888888888888888,96.69688374980635,18.836649194620737
61.111111111111114,255.55555555555554,0.23333333333333334,101.47363971692052,20.332684346358576
61.111111111111114,255.55555555555554,0.2777777777777778,107.18624608558771,22.042692355539042
61.111111111111114,255.55555555555554,0.32222222222222224,113.86369895821052,23.944128630484123
61.111111111111114,255.55555555555554,0.3666666666666667,121.53197315825706,26.01373578598434
61.111111111111114,255.55555555555554,0.4111111111111111,130.2146322610832,28.227297895736545
61.111111111111114,255.55555555555554,0.4555555555555556,139.93327142834184,30.559580682649386
61.111111111111114,255.55555555555554,0.5,150.70784769525386,32.98434503178176
61.111111111111114,277.77777777777777,0.1,97.39174986700688,17.873320260658183
61.111111111111114,277.77777777777777,0.14444444444444446,100.45030396431792,18.855512044855953
61.111111111111114,277.77777777777777,0.18888888888888888,104.37543794209256,20.100165509332715
61.111111111111114,277.77777777777777,0.23333333333333334,109.20477751121936,21.581151227856594
61.111111111111114,277.77777777777777,0.2777777777777778,114.97098462180404,23.275196792238656
61.111111111111114,277.77777777777777,0.32222222222222224,121.70290631330062,25.159313061649737
61.111111111111114,277.77777777777777,0.3666666666666667,129.42640814298838,27.209936329536312
61.111111111111114,277.77777777777777,0.4111111111111111,138.16496996006592,29.402628955604698
61.111111111111114,277.77777777777777,0.4555555555555556,147.9401206094363,31.711990232517895
61.111111111111114,277.77777777777777,0.5,158.77176323028516,34.111652562174406
61.111111111111114,300.0,0.1,104.9652643901148,19.163862207756416
61.111111111111114,300.0,0.14444444444444446,108.07163459718294,20.128695493312588
61.111111111111114,300.0,0.18888888888888888,112.04610243486188,21.357063039006484
61.111111111111114,300.0,0.23333333333333334,116.92596107087293,22.821645178220784
61.111111111111114,300.0,0.2777777777777778,122.74366445334334,24.49848318254359
61.111111111111114,300.0,0.32222222222222224,129.52791641128172,26.36414685734285
61.111111111111114,300.0,0.3666666666666667,137.3044775257829,28.394768466402624
61.111111111111114,300.0,0.4111111111111111,146.096747207141,30.5656902111289
61.111111111111114,300.0,0.4555555555555556,155.92619058723463,32.85134603195363
61.111111111111114,300.0,0.5,166.81265902527804,35.22524060147643
66.66666666666666,100.0,0.1,38.05494600556258,7.767563295191793
66.66666666666666,100.0,0.14444444444444446,41.07001937656307,8.996328947633522
66.66666666666666,100.0,0.18888888888888888,45.10728159421506,10.53804047650311
66.66666666666666,100.0,0.23333333333333334,50.216676606367415,12.374495858293466
66.66666666666666,100.0,0.2777777777777778,56.44043342828072,14.485310670144479
66.66666666666666,100.0,0.32222222222222224,63.8152834300652,16.8477017825218
66.66666666666666,100.0,0.3666666666666667,72.37383451418134,19.43666295622762
66.66666666666666,100.0,0.4111111111111111,82.14547963472184,22.225198477919392
66.66666666666666,100.0,0.4555555555555556,93.15702922787953,25.184540923658464
66.66666666666666,100.0,0.5,105.43316978017367,28.284338810397553
66.66666666666666,122.22222222222223,0.1,45.929199568915884,9.162306789883411
66.66666666666666,122.22222222222223,0.14444444444444446,49.02871072463317,10.401099988150678
66.66666666666666,122.22222222222223,0.18888888888888888,53.15309090029157,11.952262563333182
66.66666666666666,122.22222222222223,0.23333333333333334,58.351696810514376,13.796186909075365
66.66666666666666,122.22222222222223,0.2777777777777778,64.6663901628417,15.911679993678764
66.66666666666666,122.22222222222223,0.32222222222222224,72.13364943410527,18.275441320692998
66.66666666666666,122.22222222222223,0.3666666666666667,80.78589715082205,20.862110135896433
66.66666666666666,122.22222222222223,0.4111111111111111,90.65238422117314,23.64443587750845
66.66666666666666,122.22222222222223,0.4555555555555556,101.75980857143233,26.593461341983325
66.66666666666666,122.22222222222223,0.5,114.13276525060733,29.67868986707161
66.66666666666666,144.44444444444446,0.1,53.78863691539625,10.543403111777652
66.66666666666666,144.44444444444446,0.14444444444444446,56.96519924680068,11.78636098280816
66.66666666666666,144.44444444444446,0.18888888888888888,61.16907631014237,13.341464944698245
66.66666666666666,144.44444444444446,0.23333333333333334,66.44908895792337,15.187739439341856
66.66666666666666,144.44444444444446,0.2777777777777778,72.84676372200623,17.30320412970111
66.66666666666666,144.44444444444446,0.32222222222222224,80.39834830902309,19.66405436519462
66.66666666666666,144.44444444444446,0.3666666666666667,89.13609608621661,22.24458353937528
66.66666666666666,144.44444444444446,0.4111111111111111,99.08912834201848,25.01729212269731
66.66666666666666,144.44444444444446,0.4555555555555556,110.28404033513996,27.95303720701694
66.66666666666666,144.44444444444446,0.5,122.74534367602182,31.0211798005583
66.66666666666666,166.66666666666666,0.1,61.63657659434955,11.913908966695447
66.66666666666666,166.66666666666666,0.14444444444444446,64.88445795162828,13.156481808915455
66.66666666666666,166.66666666666666,0.18888888888888888,69.16191780639461,14.711251556334178
66.66666666666666,166.66666666666666,0.23333333333333334,74.51728101398831,16.555903901546465
66.66666666666666,166.66666666666666,0.2777777777777778,80.99176386567403,18.667687734097445
66.66666666666666,166.66666666666666,0.32222222222222224,88.62140046581636,21.02230450264848
66.66666666666666,166.66666666666666,0.3666666666666667,97.43828760682896,23.593708471024094
66.66666666666666,166.66666666666666,0.4111111111111111,107.47142660033361,26.35415570542797
66.66666666666666,166.66666666666666,0.4555555555555556,118.74731767533585,29.274320755403192
66.66666666666666,166.66666666666666,0.5,131.2903952110432,32.32342451105033
66.66666666666666,188.88888888888889,0.1,69.47525702006945,13.275886151309932
66.66666666666666,188.88888888888889,0.14444444444444446,72.7898412124547,14.51441001819214
66.66666666666666,188.88888888888889,0.18888888888888888,77.13612114353178,16.06540234198878
66.66666666666666,188.88888888888889,0.23333333333333334,82.56195777535915,17.905233583190903
66.66666666666666,188.88888888888889,0.2777777777777778,89.10827723921689,20.010395171344832
66.66666666666666,188.88888888888889,0.32222222222222224,96.81091386280906,22.35610291155851
66.66666666666666,188.88888888888889,0.3666666666666667,105.70181799817273,24.91597735166116
66.66666666666666,188.88888888888889,0.4111111111111111,115.80987874573117,27.662033828676343
66.66666666666666,188.88888888888889,0.4555555555555556,127.16150745567097,30.564766896471927
66.66666666666666,188.88888888888889,0.5,139.7810662748304,33.59325910790261
66.66666666666666,211.11111111111111,0.1,77.30627268077689,14.630803343925598
66.66666666666666,211.11111111111111,0.14444444444444446,80.6837384478932,15.862245238267986
66.66666666666666,211.11111111111111,0.18888888888888888,85.094895902761,17.40660986657251
66.66666666666666,211.11111111111111,0.23333333333333334,90.58716868959478,19.238971924646854
66.66666666666666,211.11111111111111,0.2777777777777778,97.20120940232462,21.335076402821688
66.66666666666666,211.11111111111111,0.32222222222222224,104.97266403676444,23.669660297924874
66.66666666666666,211.11111111111111,0.3666666666666667,113.93334489382548,26.216014923252423
66.66666666666666,211.11111111111111,0.4111111111111111,124.1120352910681,28.9459179288532
66.66666666666666,211.11111111111111,0.4555555555555556,135.53506279153424,31.829685981014475
66.66666666666666,211.11111111111111,0.5,148.22672144772812,34.83626476954694
66.66666666666666,233.33333333333331,0.1,85.13080701796885,15.97975060894569
66.66666666666666,233.33333333333331,0.14444444444444446,88.56792310292967,17.2015458290182
66.66666666666666,233.33333333333331,0.18888888888888888,93.04062426009229,18.73687257259885
66.66666666666666,233.33333333333331,0.23333333333333334,98.59591928801093,20.559526232458193
66.66666666666666,233.33333333333331,0.2777777777777778,105.27420129936161,22.644514678882874
66.66666666666666,233.33333333333331,0.32222222222222224,113.11093763576332,24.966101880326285
66.66666666666666,233.33333333333331,0.3666666666666667,122.13780964094995,27.49725370507444
66.66666666666666,233.33333333333331,0.4111111111111111,132.383500285418,30.209512688689813
66.66666666666666,233.33333333333331,0.4555555555555556,143.87425765058327,33.07301939248332
66.66666666666666,233.33333333333331,0.5,156.63431119373791,36.05658388980645
66.66666666666666,255.55555555555554,0.1,92.94976705540958,17.323563403231304
66.66666666666666,255.55555555555554,0.14444444444444446,96.44375439705306,18.53350616248712
66.66666666666666,255.55555555555554,0.18888888888888888,100.97513198406364,20.05772212416435
66.66666666666666,255.55555555555554,0.23333333333333334,106.59051309666671,21.868741535930337
66.66666666666666,255.55555555555554,0.2777777777777778,113.33004345531063,23.940843163035222
66.66666666666666,255.55555555555554,0.32222222222222224,121.22902007077734,26.247822916599045
66.66666666666666,255.55555555555554,0.3666666666666667,130.31899943081473,28.762324479099263
66.66666666666666,255.55555555555554,0.4111111111111111,140.62856883394582,31.45565748409531
66.66666666666666,255.55555555555554,0.4555555555555556,152.18390058294642,34.29778792106088
66.66666666666666,255.55555555555554,0.5,165.00916254933637,37.25739131902075
66.66666666666666,277.77777777777777,0.1,100.76386613937542,18.66289878789201
66.66666666666666,277.77777777777777,0.14444444444444446,104.3123013145607,19.859065575530156
66.66666666666666,277.77777777777777,0.18888888888888888,108.89985498544112,21.370363127943104
66.66666666666666,277.77777777777777,0.23333333333333334,114.57276176791514,23.168068893830203
66.66666666666666,277.77777777777777,0.2777777777777778,121.3709305321906,25.225739522727505
66.66666666666666,277.77777777777777,0.32222222222222224,129.32949521642522,27.516707203316003
66.66666666666666,277.77777777777777,0.3666666666666667,138.47989277279945,30.013296274384075
66.66666666666666,277.77777777777777,0.4111111111111111,148.85061890467927,32.686585396838815
66.66666666666666,277.77777777777777,0.4555555555555556,160.46777336531338,35.50636732525914
66.66666666666666,277.77777777777777,0.5,173.35546506476956,38.4411839792741
66.66666666666666,300.0,0.1,108.57367732221576,19.998284599723178
66.66666666666666,300.0,0.14444444444444446,112.17442260243605,21.178978665472094
66.66666666666666,300.0,0.18888888888888888,116.81594677418924,22.67576328042065
66.66666666666666,300.0,0.23333333333333334,122.5441206561494,24.45867398496336
66.66666666666666,300.0,0.2777777777777778,129.39862556748784,26.50055147828126
66.66666666666666,300.0,0.32222222222222224,137.41443877628848,28.774268050474678
66.66666666666666,300.0,0.3666666666666667,146.6228823923646,31.251831203708267
66.66666666666666,300.0,0.4111111111111111,157.05236412013028,33.90409032813838
66.66666666666666,300.0,0.4555555555555556,168.72891401174365,36.70066612278095
66.66666666666666,300.0,0.5,181.6765843307622,39.60996772258244
72.22222222222223,100.0,0.1,39.4878203539353,8.182229134498671
72.22222222222223,100.0,0.14444444444444446,42.98177035734721,9.615836039327888
72.22222222222223,100.0,0.18888888888888888,47.684661522936686,11.421682157863257
72.22222222222223,100.0,0.23333333333333334,53.65623787773807,13.579290135258692
72.22222222222223,100.0,0.2777777777777778,60.94689316401989,16.065130119746645
72.22222222222223,100.0,0.32222222222222224,69.60039791389735,18.852601723612924
72.22222222222223,100.0,0.3666666666666667,79.65557217838985,21.9123424327514
72.22222222222223,100.0,0.4111111111111111,91.14738501823082,25.212553930832044
72.22222222222223,100.0,0.4555555555555556,104.10771701004384,28.719287271974828
72.22222222222223,100.0,0.5,118.56591168433636,32.39668131065119
72.22222222222223,122.22222222222223,0.1,47.59123506332711,9.624878664087825
72.22222222222223,122.22222222222223,0.14444444444444446,51.17687695667203,11.072683367919689
72.22222222222223,122.22222222222223,0.18888888888888888,55.97437044092139,12.891900314987831
72.22222222222223,122.22222222222223,0.23333333333333334,62.042821860294126,15.060582442501401
72.22222222222223,122.22222222222223,0.2777777777777778,69.43222609369221,17.55435462873464
72.22222222222223,122.22222222222223,0.32222222222222224,78.18607905372562,20.34607593961832
72.22222222222223,122.22222222222223,0.3666666666666667,88.342999489702,23.406013722273613
72.22222222222223,122.22222222222223,0.4111111111111111,99.93780221318609,26.70210381066317
72.22222222222223,122.22222222222223,0.4555555555555556,113.00224562508181,30.200199488792553
72.22222222222223,122.22222222222223,0.5,127.56557396292884,33.86428849691965
72.22222222222223,144.44444444444446,0.1,55.678560684980624,11.05270858335406
72.22222222222223,144.44444444444446,0.14444444444444446,59.347873270824294,12.508344529873495
72.22222222222223,144.44444444444446,0.18888888888888888,64.23169327228301,14.334949307415012
72.22222222222223,144.44444444444446,0.23333333333333334,70.3885451351897,16.50914700925316
72.22222222222223,144.44444444444446,0.2777777777777778,77.86805976760756,19.005740377400397
72.22222222222223,144.44444444444446,0.32222222222222224,86.71348248632842,21.797062279336494
72.22222222222223,144.44444444444446,0.3666666666666667,96.96324834880184,24.853019330434904
72.22222222222223,144.44444444444446,0.4111111111111111,108.65203141112596,28.14128790083634
72.22222222222223,144.44444444444446,0.4555555555555556,121.8114785864048,31.62752792952768
72.22222222222223,144.44444444444446,0.5,136.4707435053493,35.27557913704649
72.22222222222223,166.66666666666666,0.1,63.75340086698275,12.469038201711157
72.22222222222223,166.66666666666666,0.14444444444444446,67.50015954277926,13.927564821511636
72.22222222222223,166.66666666666666,0.18888888888888888,72.46388388131766,15.756914508658664
72.22222222222223,166.66666666666666,0.23333333333333334,78.70255971982854,17.93231422374528
72.22222222222223,166.66666666666666,0.2777777777777778,86.26548107280479,20.42776252471281
72.22222222222223,166.66666666666666,0.32222222222222224,95.19566130406055,23.215077214837844
72.22222222222223,166.66666666666666,0.3666666666666667,105.53136544477051,26.26381147777733
72.22222222222223,166.66666666666666,0.4111111111111111,117.30713726693682,29.541387175419175
72.22222222222223,166.66666666666666,0.4555555555555556,130.55452048989375,33.01327433569042
72.22222222222223,166.66666666666666,0.5,145.3025848781333,36.643167060794255
72.22222222222223,188.88888888888889,0.1,71.81818632726059,13.876106446130645
72.22222222222223,188.88888888888889,0.14444444444444446,75.63737832227932,15.333545020646428
72.22222222222223,188.88888888888889,0.18888888888888888,80.67583511481837,17.16190059990197
72.22222222222223,188.88888888888889,0.23333333333333334,86.99103879545244,19.335028549381672
72.22222222222223,188.88888888888889,0.2777777777777778,94.63196829085605,21.82613770013841
72.22222222222223,188.88888888888889,0.32222222222222224,103.64142002523944,24.606539757831108
72.22222222222223,188.88888888888889,0.3666666666666667,114.05750000861244,27.645440353230704
72.22222222222223,188.88888888888889,0.4111111111111111,125.91463016164126,30.910010830770386
72.22222222222223,188.88888888888889,0.4555555555555556,139.2442576892039,34.36553407273861
72.22222222222223,188.88888888888889,0.5,154.07537391789313,37.97556049687823
72.22222222222223,211.11111111111111,0.1,79.87464853755935,15.275508170029081
72.22222222222223,211.11111111111111,0.14444444444444446,83.76212430445098,16.72856513528822
72.22222222222223,211.11111111111111,0.18888888888888888,88.8710322912095,18.552831466064884
72.22222222222223,211.11111111111111,0.23333333333333334,95.25837970030412,20.72081207261408
72.22222222222223,211.11111111111111,0.2777777777777778,102.97284842128704,23.20493802668604
72.22222222222223,211.11111111111111,0.32222222222222224,112.05703036676273,25.97602235881822
72.22222222222223,211.11111111111111,0.3666666666666667,122.5488816355528,29.002928013362872
72.22222222222223,211.11111111111111,0.4111111111111111,134.48270927758577,32.2525791208618
72.22222222222223,211.11111111111111,0.4555555555555556,147.88986951238658,35.69007370716728
72.22222222222223,211.11111111111111,0.5,162.79927972218545,39.27882010641338
72.22222222222223,233.33333333333331,0.1,87.92407260960755,16.668427085954306
72.22222222222223,233.33333333333331,0.14444444444444446,91.87632329209664,18.11431740502657
72.22222222222223,233.33333333333331,0.18888888888888888,97.05206224079733,19.931877237162038
72.22222222222223,233.33333333333331,0.23333333333333334,103.50784617285697,22.09227891326333
72.22222222222223,233.33333333333331,0.2777777777777778,111.29207520436971,24.567185865565794
72.22222222222223,233.33333333333331,0.32222222222222224,120.44714724544663,27.326918725946463
72.22222222222223,233.33333333333331,0.3666666666666667,131.01087618711537,30.34000186742259
72.22222222222223,233.33333333333331,0.4111111111111111,143.0174601113588,33.573115000137
72.22222222222223,233.33333333333331,0.4555555555555556,156.49816892775732,36.99117322925476
72.22222222222223,233.33333333333331,0.5,171.48184987391215,40.557444158980815
72.22222222222223,255.55555555555554,0.1,95.96744349017337,18.055770425411858
72.22222222222223,255.55555555555554,0.14444444444444446,99.98145127613917,19.492098811187994
72.22222222222223,255.55555555555554,0.18888888888888888,105.22090758508712,21.300701163552574
72.22222222222223,255.55555555555554,0.23333333333333334,111.74193963659786,23.451432608307144
72.22222222222223,255.55555555555554,0.2777777777777778,119.59267890091016,25.91519764175415
72.22222222222223,255.55555555555554,0.32222222222222224,128.81533832406453,28.661829895216798
72.22222222222223,255.55555555555554,0.3666666666666667,139.44759621464337,31.65951870957882
72.22222222222223,255.55555555555554,0.4111111111111111,151.5235467634143,34.87470177714337
72.22222222222223,255.55555555555554,0.4555555555555556,165.07437759112545,38.27211294724037
72.22222222222223,255.55555555555554,0.5,180.12886905873168,41.81488025838575
72.22222222222223,277.77777777777777,0.1,104.0055358095774,19.43825169806023
72.22222222222223,277.77777777777777,0.14444444444444446,108.0786690780147,20.862929389670434
72.22222222222223,277.77777777777777,0.18888888888888888,113.37912759487631,22.66061134045647
72.22222222222223,277.77777777777777,0.23333333333333334,119.96262738411635,24.79984887791851
72.22222222222223,277.77777777777777,0.2777777777777778,127.87704271777426,27.250795152205825
72.22222222222223,277.77777777777777,0.32222222222222224,137.16440945959067,29.9828015013956
72.22222222222223,277.77777777777777,0.3666666666666667,147.86227611320194,32.963725320525974
72.22222222222223,277.77777777777777,0.4111111111111111,160.00463740521892,36.15976437916284
72.22222222222223,277.77777777777777,0.4555555555555556,173.62260217408536,39.53547272260102
72.22222222222223,277.77777777777777,0.5,188.7448867538872,43.053839838919
72.22222222222223,300.0,0.1,112.03897185147063,20.816444087498525
72.22222222222223,300.0,0.14444444444444446,116.16890922022087,22.227628565747573
72.22222222222223,300.0,0.18888888888888888,121.52797487892367,24.012658599796183
72.22222222222223,300.0,0.23333333333333334,128.17148980025175,26.138793545130284
72.22222222222223,300.0,0.2777777777777778,136.14708115614985,28.575441900775093
72.22222222222223,300.0,0.32222222222222224,145.49661468065653,31.29147686393036
72.22222222222223,300.0,0.3666666666666667,156.25751416885817,34.25442660623754
72.22222222222223,300.0,0.4111111111111111,168.4636787883663,37.430250822638364
72.22222222222223,300.0,0.4555555555555556,182.14614168846796,40.78332503504154
72.22222222222223,300.0,0.5,197.33355769020014,44.276501076652856
77.77777777777777,100.0,0.1,40.8989620543343,8.600147657170515
77.77777777777777,100.0,0.14444444444444446,44.906605705535426,10.252327570959537
77.77777777777777,100.0,0.18888888888888888,50.32561097193776,12.341293281613934
77.77777777777777,100.0,0.23333333333333334,57.226394462806994,14.844145343974196
77.77777777777777,100.0,0.2777777777777778,65.66823312914897,17.733967947059806
77.77777777777777,100.0,0.32222222222222224,75.70255169196317,20.98003609605585
77.77777777777777,100.0,0.3666666666666667,87.37492250738256,24.548272407973922
77.77777777777777,100.0,0.4111111111111111,100.72637391185891,28.401676123610045
77.77777777777777,100.0,0.4555555555555556,115.79429479929581,32.5006825834649
77.77777777777777,100.0,0.5,132.61308739732505,36.80345744143425
77.77777777777777,122.22222222222223,0.1,49.22049711991984,10.088928157514522
77.77777777777777,122.22222222222223,0.14444444444444446,53.3270867662702,11.759557790869295
77.77777777777777,122.22222222222223,0.18888888888888888,58.8481787119859,13.865890819970168
77.77777777777777,122.22222222222223,0.23333333333333334,65.85350143392736,16.38349536434579
77.77777777777777,122.22222222222223,0.2777777777777778,74.40190146408783,19.284574491680495
77.77777777777777,122.22222222222223,0.32222222222222224,84.5445071777349,22.53784000629987
77.77777777777777,122.22222222222223,0.3666666666666667,96.32667370352141,26.10882912879916
77.77777777777777,122.22222222222223,0.4111111111111111,109.78926292547341,29.960264517857237
77.77777777777777,122.22222222222223,0.4555555555555556,124.96953189597421,34.05237595854909
77.77777777777777,122.22222222222223,0.5,141.9017756942316,38.34317221690248
77.77777777777777,144.44444444444446,0.1,57.52467022690173,11.561716610010055
77.77777777777777,144.44444444444446,0.14444444444444446,61.721550082562445,13.243925723362729
77.77777777777777,144.44444444444446,0.18888888888888888,67.33579817501355,15.36116973439662
77.77777777777777,144.44444444444446,0.23333333333333334,74.43651504646478,17.887528424250874
77.77777777777777,144.44444444444446,0.2777777777777778,83.08215446290924,20.794348703168627
77.77777777777777,144.44444444444446,0.32222222222222224,93.32357437817785,24.049794657639023
77.77777777777777,144.44444444444446,0.3666666666666667,105.20593169648177,27.619028263092524
77.77777777777777,144.44444444444446,0.4111111111111111,118.76993641066302,31.464502487188735
77.77777777777777,144.44444444444446,0.4555555555555556,134.0527252650678,35.546246334759324
77.77777777777777,144.44444444444446,0.5,151.0884955638132,39.822115023274854
77.77777777777777,166.66666666666666,0.1,65.81537012210792,13.02209492766377
77.77777777777777,166.66666666666666,0.14444444444444446,70.09582313180002,14.710552083775019
77.77777777777777,166.66666666666666,0.18888888888888888,75.79629710698585,16.83369683618515
77.77777777777777,166.66666666666666,0.23333333333333334,82.98531136983271,19.36415484769857
77.77777777777777,166.66666666666666,0.2777777777777778,91.72095613979116,22.272436243576106
77.77777777777777,166.66666666666666,0.32222222222222224,102.05383906700408,25.5261694075923
77.77777777777777,166.66666666666666,0.3666666666666667,114.02893357796198,29.090148947578175
77.77777777777777,166.66666666666666,0.4111111111111111,127.68680907412481,32.92656348779775
77.77777777777777,166.66666666666666,0.4555555555555556,143.064490942005,36.99524495847215
77.77777777777777,166.66666666666666,0.5,160.19608598451504,41.253897619883745
77.77777777777777,188.88888888888889,0.1,74.09521982709897,14.472479167745572
77.77777777777777,188.88888888888889,0.14444444444444446,78.45383664012896,16.162890876011232
77.77777777777777,188.88888888888889,0.18888888888888888,84.23495544700539,18.287901543954327
77.77777777777777,188.88888888888889,0.23333333333333334,91.50655196986493,20.818710273994995
77.77777777777777,188.88888888888889,0.2777777777777778,100.32637641250605,23.725006007358882
77.77777777777777,188.88888888888889,0.32222222222222224,110.74480232252444,26.973891101073242
77.77777777777777,188.88888888888889,0.3666666666666667,122.80663152445729,30.529799139297484
77.77777777777777,188.88888888888889,0.4111111111111111,136.55230192829143,34.354658709425784
77.77777777777777,188.88888888888889,0.4555555555555556,152.0187347704455,38.408107651273376
77.77777777777777,188.88888888888889,0.5,169.2399522104028,42.647701354804795
77.77777777777777,211.11111111111111,0.1,82.3660877971442,15.91459035878408
77.77777777777777,211.11111111111111,0.14444444444444446,86.79839057918896,17.60340248846227
77.77777777777777,211.11111111111111,0.18888888888888888,92.6555342507136,19.726939062633573
77.77777777777777,211.11111111111111,0.23333333333333334,100.00498207548786,22.254995435671926
77.77777777777777,211.11111111111111,0.2777777777777778,108.90416372041553,25.15645227915626
77.77777777777777,211.11111111111111,0.32222222222222224,119.40323204177086,28.397893933085506
77.77777777777777,211.11111111111111,0.3666666666666667,131.5468270928405,31.94339820942016
77.77777777777777,211.11111111111111,0.4111111111111111,145.3752628249987,35.75463722360577
77.77777777777777,211.11111111111111,0.4555555555555556,160.92536229110283,39.79105719536178
77.77777777777777,211.11111111111111,0.5,178.23106785624486,44.010066371836146
77.77777777777777,233.33333333333331,0.1,90.62936081420393,17.34970586147177
77.77777777777777,233.33333333333331,0.14444444444444446,95.1315631095991,19.03391304043207
77.77777777777777,233.33333333333331,0.18888888888888888,101.06082500271322,21.153151209738706
77.77777777777777,233.33333333333331,0.23333333333333334,108.48412363233264,23.67583126582715
77.77777777777777,233.33333333333331,0.2777777777777778,117.45858459969914,26.57003653103355
77.77777777777777,233.33333333333331,0.32222222222222224,128.03415141029504,29.801840101345014
77.77777777777777,233.33333333333331,0.3666666666666667,140.2553106589964,33.3349684571672
77.77777777777777,233.33333333333331,0.4111111111111111,154.16225870835004,37.130840256493556
77.77777777777777,233.33333333333331,0.4555555555555556,169.7917254729505,41.14871218784148
77.77777777777777,233.33333333333331,0.5,187.17757762384375,45.345846816316886
77.77777777777777,255.55555555555554,0.1,98.88610174805001,18.778804681958555
77.77777777777777,255.55555555555554,0.14444444444444446,103.45494699371594,20.455822122529288
77.77777777777777,255.55555555555554,0.18888888888888888,109.45296717747664,22.568332821891442
77.77777777777777,255.55555555555554,0.23333333333333334,116.94667596131387,25.083379809110692
77.77777777777777,255.55555555555554,0.2777777777777778,125.99290904698623,27.968258449436902
77.77777777777777,255.55555555555554,0.32222222222222224,136.64141034267203,31.188536420017357
77.77777777777777,255.55555555555554,0.3666666666666667,148.9365201343428,34.70759268890446
77.77777777777777,255.55555555555554,0.4111111111111111,162.91832267408853,38.4865950492748
77.77777777777777,255.55555555555554,0.4555555555555556,178.62345907747883,42.484612455008744
77.77777777777777,255.55555555555554,0.5,196.08572384803958,46.65876304551783
77.77777777777777,277.77777777777777,0.1,107.13714651304751,20.202656778451907
77.77777777777777,277.77777777777777,0.14444444444444446,111.76979489011464,21.87023046969445
77.77777777777777,277.77777777777777,0.18888888888888888,117.83364340583279,23.97389548285764
77.77777777777777,277.77777777777777,0.23333333333333334,125.39476199525767,26.479341447101625
77.77777777777777,277.77777777777777,0.2777777777777778,134.50970881398962,29.353083960826936
77.77777777777777,277.77777777777777,0.32222222222222224,145.22803667823163,32.560190362062414
77.77777777777777,277.77777777777777,0.3666666666666667,157.59394579963052,36.06369543696358
77.77777777777777,277.77777777777777,0.4111111111111111,171.64741309711954,39.82451837474421
77.77777777777777,277.77777777777777,0.4555555555555556,187.4249946711869,43.80154196130538
77.77777777777777,277.77777777777777,0.5,204.96041593307268,47.95174100593638
77.77777777777777,300.0,0.1,115.3831666241488,21.62188068135463
77.77777777777777,300.0,0.14444444444444446,120.07711309680678,23.278022335150087
77.77777777777777,300.0,0.18888888888888888,126.20420539533458,25.370973159996662
77.77777777777777,300.0,0.23333333333333334,133.8300871494494,27.865082147060086
77.77777777777777,300.0,0.2777777777777778,143.0110498655988,30.7260923525907
77.77777777777777,300.0,0.32222222222222224,153.79646277065532,33.9185752563777
77.77777777777777,300.0,0.3666666666666667,166.230391501533,37.405224400512125
77.77777777777777,300.0,0.4111111111111111,180.35270985811857,41.146712364569694
77.77777777777777,300.0,0.4555555555555556,196.19989226367704,45.10173714843822
77.77777777777777,300.0,0.5,213.80559774986105,49.227131197701134
83.33333333333333,100.0,0.1,42.2943067169685,9.022273150807674
83.33333333333333,100.0,0.14444444444444446,46.85046103133664,10.9067139251386
83.33333333333333,100.0,0.18888888888888888,53.03606555142723,13.2977429917422
83.33333333333333,100.0,0.23333333333333334,60.93308197178312,16.169891304741594
83.33333333333333,100.0,0.2777777777777778,70.61038893387689,19.492616128313937
83.33333333333333,100.0,0.32222222222222224,82.12768037447162,23.23076022941402
83.33333333333333,100.0,0.3666666666666667,95.53782111136849,27.345172565376373
83.33333333333333,100.0,0.4111111111111111,110.88838192581514,31.793249949695745
83.33333333333333,100.0,0.4555555555555556,128.2226982058445,36.52937770726071
83.33333333333333,100.0,0.5,147.58063252934878,41.50528466655031
83.33333333333333,122.22222222222223,0.1,50.8242403733939,10.555621621675025
83.33333333333333,122.22222222222223,0.14444444444444446,55.48659478812748,12.462835946856313
83.33333333333333,122.22222222222223,0.18888888888888888,61.7817703481849,14.8752963653755
83.33333333333333,122.22222222222223,0.23333333333333334,69.79099016611393,17.765939899421603
83.33333333333333,122.22222222222223,0.2777777777777778,79.58267090872845,21.103307553464038
83.33333333333333,122.22222222222223,0.32222222222222224,91.21618844083294,24.8516567013152
83.33333333333333,122.22222222222223,0.3666666666666667,104.74417442698008,28.97143596861673
83.33333333333333,122.22222222222223,0.4111111111111111,120.21402099273492,33.41975509107575
83.33333333333333,122.22222222222223,0.4555555555555556,137.6689220188094,38.15078623352539
83.33333333333333,122.22222222222223,0.5,157.14862507921546,43.11609570500225
83.33333333333333,144.44444444444446,0.1,59.335539200350254,12.071805607168356
83.33333333333333,144.44444444444446,0.14444444444444446,64.09480334120582,13.994419560379379
83.33333333333333,144.44444444444446,0.18888888888888888,70.4899646775247,16.421381655846616
83.33333333333333,144.44444444444446,0.23333333333333334,78.60157235093925,19.324082313659552
83.33333333333333,144.44444444444446,0.2777777777777778,88.49762146710198,22.6701730726713
83.33333333333333,144.44444444444446,0.32222222222222224,100.23719764376216,26.42334253169384
83.33333333333333,144.44444444444446,0.3666666666666667,113.87271978844706,30.54364988015425
83.33333333333333,144.44444444444446,0.4111111111111111,129.45141699982042,34.987925172282296
83.33333333333333,144.44444444444446,0.4555555555555556,147.01635403031966,39.71013253812479
83.33333333333333,144.44444444444446,0.5,166.60717351060438,44.66167935140411
83.33333333333333,166.66666666666666,0.1,67.8323770434066,13.574669623887193
83.33333333333333,166.66666666666666,0.14444444444444446,72.68134140237208,15.506960900055825
83.33333333333333,166.66666666666666,0.18888888888888888,79.16905016708073,17.943047112225432
83.33333333333333,166.66666666666666,0.23333333333333334,87.37542864768243,20.852808807242365
83.33333333333333,166.66666666666666,0.2777777777777778,97.36808175031469,24.203028851070584
83.33333333333333,166.66666666666666,0.32222222222222224,109.20582643832857,27.956839963517556
83.33333333333333,166.66666666666666,0.3666666666666667,122.9408846900849,32.07392035289523
83.33333333333333,166.66666666666666,0.4111111111111111,138.62033470557927,36.51082613163422
83.33333333333333,166.66666666666666,0.4555555555555556,156.28712171535125,41.22131737230175
83.33333333333333,166.66666666666666,0.5,175.9807912138701,46.15664529465808
83.33333333333333,188.88888888888889,0.1,76.31756922775698,15.066806859399803
83.33333333333333,188.88888888888889,0.14444444444444446,81.25042787417604,17.00416719588346
83.33333333333333,188.88888888888889,0.18888888888888888,87.82469384826518,19.445046890565862
83.33333333333333,188.88888888888889,0.23333333333333334,96.11970900676903,22.357846195378347
83.33333333333333,188.88888888888889,0.2777777777777778,106.20271331233933,25.708496048107282
83.33333333333333,188.88888888888889,0.32222222222222224,118.1322724628365,29.459583674904696
83.33333333333333,188.88888888888889,0.3666666666666667,131.96042425387972,33.57041311199256
83.33333333333333,188.88888888888889,0.4111111111111111,147.7341057538541,37.99727115225583
83.33333333333333,188.88888888888889,0.4555555555555556,165.4961504075682,42.69371701377008
83.33333333333333,188.88888888888889,0.5,185.28601286053194,47.61084800220015
83.33333333333333,211.11111111111111,0.1,84.79312119219483,16.550064517346886
83.33333333333333,211.11111111111111,0.14444444444444446,89.80506800477048,18.488679216633752
83.33333333333333,211.11111111111111,0.18888888888888888,96.46093251393661,20.930767515806856
83.33333333333333,211.11111111111111,0.23333333333333334,104.83950654780935,23.843273856679343
83.33333333333333,211.11111111111111,0.2777777777777778,115.00768603237339,27.191291110051136
83.33333333333333,211.11111111111111,0.32222222222222224,127.02379979445215,30.93686960536065
83.33333333333333,211.11111111111111,0.3666666666666667,140.93971199835187,35.03894484321787
83.33333333333333,211.11111111111111,0.4111111111111111,156.80222666597027,39.45353812324109
83.33333333333333,211.11111111111111,0.4555555555555556,174.65407186034628,44.134010460432265
83.33333333333333,211.11111111111111,0.5,194.53461658256987,49.03130710051163
83.33333333333333,233.33333333333331,0.1,93.26052138891214,18.025813606565524
83.33333333333333,233.33333333333331,0.14444444444444446,98.34749231259117,19.962456961325
83.33333333333333,233.33333333333331,0.18888888888888888,105.08076230299412,22.40272249296535
83.33333333333333,233.33333333333331,0.23333333333333334,113.53860142359214,25.31211953752008
83.33333333333333,233.33333333333331,0.2777777777777778,123.78757924250404,28.654914619822716
83.33333333333333,233.33333333333331,0.32222222222222224,135.8857998874627,32.392628442169936
83.33333333333333,233.33333333333331,0.3666666666666667,149.8849628137472,36.48383273576432
83.33333333333333,233.33333333333331,0.4111111111111111,165.83174583354605,40.88428654245821
83.33333333333333,233.33333333333331,0.4555555555555556,183.76877704331693,45.54715491621823
83.33333333333333,233.33333333333331,0.5,203.735344200687,50.42323261068964
83.33333333333333,255.55555555555554,0.1,101.72091061068461,19.49510490785006
83.33333333333333,255.55555555555554,0.14444444444444446,106.87941033142846,21.427002629848026
83.33333333333333,255.55555555555554,0.18888888888888888,113.6864795428773,23.862838244925687
83.33333333333333,255.55555555555554,0.23333333333333334,122.21989085245983,26.76670379022288
83.33333333333333,255.55555555555554,0.2777777777777778,132.54590267518387,30.10204952533781
83.33333333333333,255.55555555555554,0.32222222222222224,144.72240490824487,33.82987277766279
83.33333333333333,255.55555555555554,0.3666666666666667,158.80093997155817,37.9083856081947
83.33333333333333,255.55555555555554,0.4111111111111111,174.8280653476136,42.29308758373104
83.33333333333333,255.55555555555554,0.4555555555555556,192.84631382365157,46.93694972548117
83.33333333333333,255.55555555555554,0.5,212.89489569890523,51.79061764347054
83.33333333333333,277.77777777777777,0.1,110.17518605592166,20.958764827956877
83.33333333333333,277.77777777777777,0.14444444444444446,115.4021665569964,22.883497656185916
83.33333333333333,277.77777777777777,0.18888888888888888,122.27989022444649,25.312629843999584
83.33333333333333,277.77777777777777,0.23333333333333334,130.885653407475,28.208851657772907
83.33333333333333,277.77777777777777,0.2777777777777778,141.2854166269727,31.53480588256293
83.33333333333333,277.77777777777777,0.32222222222222224,153.53686467848408,35.25097192299266
83.33333333333333,277.77777777777777,0.3666666666666667,167.69138963822104,39.315205744477865
83.33333333333333,277.77777777777777,0.4111111111111111,183.79543378651712,43.68274986536717
83.33333333333333,277.77777777777777,0.4555555555555556,201.89143866275396,48.30638295562785
83.33333333333333,277.77777777777777,0.5,222.01854040846206,53.13660265755831
83.33333333333333,300.0,0.1,118.62406847087719,22.41745724409254
83.33333333333333,300.0,0.14444444444444446,123.91684106282072,24.332891121510055
83.33333333333333,300.0,0.18888888888888888,130.86244515404888,26.75331439298332
83.33333333333333,300.0,0.23333333333333334,139.53771953436924,29.640029251657605
83.33333333333333,300.0,0.2777777777777778,150.0083385264616,32.95487876241794
83.33333333333333,300.0,0.32222222222222224,162.3317898769117,36.657829216506975
83.33333333333333,300.0,0.3666666666666667,176.55932122101603,40.70638363697551
83.33333333333333,300.0,0.4111111111111111,192.7372641600139,45.05552963425933
83.33333333333333,300.0,0.4555555555555556,210.9079725679978,49.65785501036706
83.33333333333333,300.0,0.5,231.11051134037203,54.46371047713792
88.88888888888889,100.0,0.1,43.67873072743161,9.449389607980867
88.88888888888889,100.0,0.14444444444444446,48.818212720344555,11.579743024401852
88.88888888888889,100.0,0.18888888888888888,55.82090164699877,14.2917453312981
88.88888888888889,100.0,0.23333333333333334,64.78117679026012,17.55720975433632
88.88888888888889,100.0,0.2777777777777778,75.77823696379734,21.341725309582863
88.88888888888889,100.0,0.32222222222222224,88.88066034701637,25.605394662784807
88.88888888888889,100.0,0.3666666666666667,104.14914437594119,30.303634159107155
88.88888888888889,100.0,0.4111111111111111,121.63828544569311,35.38783808156894
88.88888888888889,100.0,0.4555555555555556,141.3978036152835,40.80590734682477
88.88888888888889,100.0,0.5,163.4734234660012,46.50267026182949
88.88888888888889,122.22222222222223,0.1,52.408424850586,11.025917269711343
88.88888888888889,122.22222222222223,0.14444444444444446,57.66136104908062,13.183431963425699
88.88888888888889,122.22222222222223,0.18888888888888888,64.78110537635514,15.920989670487193
88.88888888888889,122.22222222222223,0.23333333333333334,73.86124808369051,19.20874928156549
88.88888888888889,122.22222222222223,0.2777777777777778,84.9804944544507,23.011349048175546
88.88888888888889,122.22222222222223,0.32222222222222224,98.20708286985641,27.28828446133887
88.88888888888889,122.22222222222223,0.3666666666666667,113.60146168691476,31.994556885685498
88.88888888888889,122.22222222222223,0.4111111111111111,131.21803644180736,37.08126324112731
88.88888888888889,122.22222222222223,0.4555555555555556,151.10637602042414,42.496083840175686
88.88888888888889,122.22222222222223,0.5,173.31208214471715,48.18367896501139
88.88888888888889,144.44444444444446,0.1,61.11821127340598,12.584108008542248
88.88888888888889,144.44444444444446,0.14444444444444446,66.47467671483417,14.760906373476576
88.88888888888889,144.44444444444446,0.18888888888888888,73.7012364478962,17.516616467281718
88.88888888888889,144.44444444444446,0.23333333333333334,82.89076071669294,20.81979340837705
88.88888888888889,144.44444444444446,0.2777777777777778,94.12150444826557,24.63415330801508
88.88888888888889,144.44444444444446,0.32222222222222224,107.46139595116108,28.918602235752726
88.88888888888889,144.44444444444446,0.3666666666666667,122.9706562927775,33.627738215390025
88.88888888888889,144.44444444444446,0.4111111111111111,140.70351684667787,38.712368705254484
88.88888888888889,144.44444444444446,0.4555555555555556,160.70940855024023,44.11995888906996
88.88888888888889,144.44444444444446,0.5,183.03382101380254,49.795004853188935
88.88888888888889,166.66666666666666,0.1,69.81254894020162,14.128068944665964
88.88888888888889,166.66666666666666,0.14444444444444446,75.26484166381832,16.318037807915353
88.88888888888889,166.66666666666666,0.18888888888888888,82.59027037092514,19.086155408529542
88.88888888888889,166.66666666666666,0.23333333333333334,91.88103886270045,22.399412330335714
88.88888888888889,166.66666666666666,0.2777777777777778,103.21498521369818,26.220624757319317
88.88888888888889,166.66666666666666,0.32222222222222224,116.65975072735682,30.508123114442604
88.88888888888889,166.66666666666666,0.3666666666666667,132.2753460904621,35.21611111730919
88.88888888888889,166.66666666666666,0.4111111111111111,150.11584147062288,40.295112894394876
88.88888888888889,166.66666666666666,0.4555555555555556,170.23054011925527,45.69238274961677
88.88888888888889,166.66666666666666,0.5,192.66482787552133,51.352255544834144
88.88888888888889,188.88888888888889,0.1,78.49444547980046,15.66057039594916
88.88888888888889,188.88888888888889,0.14444444444444446,84.03636297498637,17.85878672283258
88.88888888888889,188.88888888888889,0.18888888888888888,91.45426126916365,20.634685387719973
88.88888888888889,188.88888888888889,0.23333333333333334,100.83972085673061,23.953724038552
88.88888888888889,188.88888888888889,0.2777777777777778,112.2701899409217,27.77783682052308
88.88888888888889,188.88888888888889,0.32222222222222224,125.81304139674144,32.064789608731665
88.88888888888889,188.88888888888889,0.3666666666666667,141.5280891474456,36.768399084707426
88.88888888888889,188.88888888888889,0.4111111111111111,159.46925258889516,41.83891098505562
88.88888888888889,188.88888888888889,0.4555555555555556,179.68571555113775,47.22337215565791
88.88888888888889,188.88888888888889,0.5,202.22276681884628,52.86595862674346
88.88888888888889,211.11111111111111,0.1,87.16604331452005,17.183585741144594
88.88888888888889,211.11111111111111,0.14444444444444446,92.79245117300444,19.38597426738031
88.88888888888889,211.11111111111111,0.18888888888888888,100.29752167268744,22.165824249801446
88.88888888888889,211.11111111111111,0.23333333333333334,109.77224770907742,25.4870865577178
88.88888888888889,211.11111111111111,0.2777777777777778,121.29370994896951,29.310828105526575
88.88888888888889,211.11111111111111,0.32222222222222224,134.92902821661548,33.594259402627024
88.88888888888889,211.11111111111111,0.3666666666666667,150.73783094389583,38.29081611795818
88.88888888888889,211.11111111111111,0.4111111111111111,168.77389539230936,43.35046968389178
88.88888888888889,211.11111111111111,0.4555555555555556,189.0862928119258,48.720062320799606
88.88888888888889,211.11111111111111,0.5,211.72022049296933,54.343613208081294
88.88888888888889,233.33333333333331,0.1,95.82893256678416,18.698579637233944
88.88888888888889,233.33333333333331,0.14444444444444446,101.53548913412486,20.90169432029118
88.88888888888889,233.33333333333331,0.18888888888888888,109.12325237469197,23.682257187292052
88.88888888888889,233.33333333333331,0.23333333333333334,118.68265777968743,27.00273444748479
88.88888888888889,233.33333333333331,0.2777777777777778,130.29043736583637,30.823338306105583
88.88888888888889,233.33333333333331,0.32222222222222224,144.01347091000156,35.10073167298181
88.88888888888889,233.33333333333331,0.3666666666666667,159.9112108844198,39.787974296226906
88.88888888888889,233.33333333333331,0.4111111111111111,178.03729971999874,44.8347667604838
88.88888888888889,233.33333333333331,0.4555555555555556,198.44070187190863,50.18774905579757
88.88888888888889,233.33333333333331,0.5,221.16652783749382,55.790785185702745
88.88888888888889,255.55555555555554,0.1,104.48433195237216,20.206674639656
88.88888888888889,255.55555555555554,0.14444444444444446,110.26730316357173,22.40755169073819
88.88888888888889,255.55555555555554,0.18888888888888888,117.93390655558404,25.186042209338705
88.88888888888889,255.55555555555554,0.23333333333333334,127.57404618433071,28.503146767847607
88.88888888888889,255.55555555555554,0.2777777777777778,139.2641216597981,32.31823363164556
88.88888888888889,255.55555555555554,0.32222222222222224,153.07078389507805,36.58742479029092
88.88888888888889,255.55555555555554,0.3666666666666667,169.05331760058442,41.26340845027329
88.88888888888889,255.55555555555554,0.4111111111111111,187.2652366582845,46.29561732129382
88.88888888888889,255.55555555555554,0.4555555555555556,207.7554037039387,51.63049122306192
88.88888888888889,255.55555555555554,0.5,230.56884648562362,57.21174042380982
88.88888888888889,277.77777777777777,0.1,113.1331999537379,21.708753603716072
88.88888888888889,277.77777777777777,0.14444444444444446,118.9893295941981,23.904808511746978
88.88888888888889,277.77777777777777,0.18888888888888888,126.73141356625545,26.67879787679905
88.88888888888889,277.77777777777777,0.23333333333333334,136.4488471363064,29.990273223197477
88.88888888888889,277.77777777777777,0.2777777777777778,148.21771167226152,33.79776826761893
88.88888888888889,277.77777777777777,0.32222222222222224,162.10443897588604,38.056869903901294
88.88888888888889,277.77777777777777,0.3666666666666667,178.16815314451162,42.719898615703364
88.88888888888889,277.77777777777777,0.4111111111111111,196.46224498894964,47.73602183014219
88.88888888888889,277.77777777777777,0.4555555555555556,217.03547966432453,53.05148099296436
88.88888888888889,277.77777777777777,0.5,239.93280569559323,58.60983389331303
88.88888888888889,300.0,0.1,121.77630654843675,23.205525753424432
88.88888888888889,300.0,0.14444444444444446,127.70272227504361,25.394478692437797
88.88888888888889,300.0,0.18888888888888888,135.51732331184758,28.161824427906232
88.88888888888889,300.0,0.23333333333333334,145.30901611179226,31.46568006924913
88.88888888888889,300.0,0.2777777777777778,157.15357629551926,35.26375306847832
88.88888888888889,300.0,0.32222222222222224,171.11722515620673,39.51110036161037
88.88888888888889,300.0,0.3666666666666667,187.25893248408815,44.15967807807296
88.88888888888889,300.0,0.4111111111111111,205.63197085083328,49.15839064914665
88.88888888888889,300.0,0.4555555555555556,226.28501175821117,54.45328273121565
88.88888888888889,300.0,0.5,249.26292761851394,59.987760742453716
94.44444444444444,100.0,0.1,45.056294955333186,9.882149908070426
94.44444444444444,100.0,0.14444444444444446,50.813921642168744,12.27203771036868
94.44444444444444,100.0,0.18888888888888888,58.684180128261964,15.32389492834499
94.44444444444444,100.0,0.23333333333333334,68.77473978784758,19.006668417377337
94.44444444444444,100.0,0.2777777777777778,81.17583808851991,23.281837324324407
94.44444444444444,100.0,0.32222222222222224,95.96555247920702,28.104456157674015
94.44444444444444,100.0,0.3666666666666667,113.21295317071039,33.42414956327346
94.44444444444444,100.0,0.4111111111111111,132.98014534110243,39.18590909160341
94.44444444444444,100.0,0.4555555555555556,155.32367189722245,45.330716782990514
94.44444444444444,100.0,0.5,180.29552107689184,51.796036667409645
94.44444444444444,122.22222222222223,0.1,53.978013836574526,11.500613065310532
94.44444444444444,122.22222222222223,0.14444444444444446,59.85634883420797,13.922107091445593
94.44444444444444,122.22222222222223,0.18888888888888888,67.85114708157496,17.003697502938255
94.44444444444444,122.22222222222223,0.23333333333333334,78.06923847173552,20.71261739642285
94.44444444444444,122.22222222222223,0.2777777777777778,90.60033538633304,25.009361216707887
94.44444444444444,122.22222222222223,0.32222222222222224,105.52215374988371,29.84835488376685
94.44444444444444,122.22222222222223,0.3666666666666667,122.90349876840384,35.17879367058089
94.44444444444444,122.22222222222223,0.4111111111111111,142.8062725577691,40.94536166757993
94.44444444444444,122.22222222222223,0.4555555555555556,165.2868571858967,47.088813010629686
94.44444444444444,122.22222222222223,0.5,190.39711017581507,53.54643831265386
94.44444444444444,144.44444444444446,0.1,62.87855214661607,13.099566862125513
94.44444444444444,144.44444444444446,0.14444444444444446,68.8670359039947,15.544285822771212
94.44444444444444,144.44444444444446,0.18888888888888888,76.97547918667527,18.64773307590456
94.44444444444444,144.44444444444446,0.23333333333333334,87.30994584427295,22.375481755075207
94.44444444444444,144.44444444444446,0.2777777777777778,99.95966910694715,26.687072057527914
94.44444444444444,144.44444444444446,0.32222222222222224,115.00203500092177,31.536320203101816
94.44444444444444,144.44444444444446,0.3666666666666667,132.50560691002028,36.87200447584356
94.44444444444444,144.44444444444446,0.4111111111111111,152.53210165178254,42.6385099128675
94.44444444444444,144.44444444444446,0.4555555555555556,175.13775452537655,48.77636857102088
94.44444444444444,144.44444444444446,0.5,200.37430377395484,55.222701719939494
94.44444444444444,166.66666666666666,0.1,71.76265392850895,14.68338102230063
94.44444444444444,166.66666666666666,0.14444444444444446,77.85309203215462,17.144820876719248
94.44444444444444,166.66666666666666,0.18888888888888888,86.06672583453502,20.264012771869773
94.44444444444444,166.66666666666666,0.23333333333333334,96.50891013090275,24.0049116246769
94.44444444444444,166.66666666666666,0.2777777777777778,109.26843464595763,28.32612701808532
94.44444444444444,166.66666666666666,0.32222222222222224,124.42238005010478,33.18088012954375
94.44444444444444,166.66666666666666,0.3666666666666667,142.03908589510962,38.51754186433202
94.44444444444444,166.66666666666666,0.4111111111111111,162.18009748527174,44.28020473003613
94.44444444444444,166.66666666666666,0.4555555555555556,184.90151426973304,50.40918322513957
94.44444444444444,166.66666666666666,0.5,210.2549640854846,56.841432437308356
94.44444444444444,188.88888888888889,0.1,80.63351911471419,16.255002994000918
94.44444444444444,188.88888888888889,0.14444444444444446,86.81931247404479,18.727925935473003
94.44444444444444,188.88888888888889,0.18888888888888888,95.13132824118556,21.857940221758586
94.44444444444444,188.88888888888889,0.23333333333333334,105.67425805123443,25.60741617224068
94.44444444444444,188.88888888888889,0.2777777777777778,118.53647682973799,29.93405178780437
94.44444444444444,188.88888888888889,0.32222222222222224,133.79477965572406,34.79048500762062
94.44444444444444,188.88888888888889,0.3666666666666667,151.5172967366397,40.12468709742226
94.44444444444444,188.88888888888889,0.4111111111111111,171.76541296489933,45.88046328897579
94.44444444444444,188.88888888888889,0.4555555555555556,194.5951007326391,51.99791416295556
94.44444444444444,188.88888888888889,0.5,220.0578846168307,58.41383117091732
94.44444444444444,211.11111111111111,0.1,89.4934271110735,17.816532331091203
94.44444444444444,211.11111111111111,0.14444444444444446,95.76911303084438,20.296602528565085
94.44444444444444,211.11111111111111,0.18888888888888888,104.17387467391964,23.433364590528893
94.44444444444444,211.11111111111111,0.23333333333333334,114.8117785062457,27.18763206853845
94.44444444444444,211.11111111111111,0.2777777777777778,127.77080841715745,31.51620713621572
94.44444444444444,211.11111111111111,0.32222222222222224,143.1274902552144,36.37115426584127
94.44444444444444,211.11111111111111,0.3666666666666667,160.94975687642597,41.70005149008961
94.44444444444444,211.11111111111111,0.4111111111111111,181.29884195096952,47.44642111390257
94.44444444444444,211.11111111111111,0.4555555555555556,204.230598092795,53.55015281377878
94.44444444444444,211.11111111111111,0.5,229.7964525343967,59.94787651261388
94.44444444444444,233.33333333333331,0.1,98.34406971024227,19.36952733869779
94.44444444444444,233.33333333333331,0.14444444444444446,104.70502893662245,21.85307841444251
94.44444444444444,233.33333333333331,0.18888888888888888,113.19777058022915,24.993142758199976
94.44444444444444,233.33333333333331,0.23333333333333334,123.92576806304082,28.74900068649889
94.44444444444444,233.33333333333331,0.2777777777777778,136.97663433211844,33.07657186795038
94.44444444444444,233.33333333333331,0.32222222222222224,152.42663984033396,37.927355570627476
94.44444444444444,233.33333333333331,0.3666666666666667,170.3435302334364,43.24854201147174
94.44444444444444,233.33333333333331,0.4111111111111111,190.78839573013045,48.983374246109264
94.44444444444444,233.33333333333331,0.4555555555555556,213.81697532114782,55.0715335951908
94.44444444444444,233.33333333333331,0.5,239.48060389668652,61.449490235011176
94.44444444444444,255.55555555555554,0.1,107.18674355100376,20.915182346903872
94.44444444444444,255.55555555555554,0.14444444444444446,113.62900326803684,23.39906101156043
94.44444444444444,255.55555555555554,0.18888888888888888,122.20562599348807,26.53946432018135
94.44444444444444,255.55555555555554,0.23333333333333334,133.01951973481764,30.294159593788887
94.44444444444444,255.55555555555554,0.2777777777777778,146.15794377871998,34.61819545386345
94.44444444444444,255.55555555555554,0.32222222222222224,161.69692508106277,39.462513070638714
94.44444444444444,255.55555555555554,0.3666666666666667,179.70403079931273,44.77391950452522
94.44444444444444,255.55555555555554,0.4111111111111111,200.24021438399234,50.495381724696216
94.44444444444444,255.55555555555554,0.4555555555555556,223.36110649623137,56.56637488765858
94.44444444444444,255.55555555555554,0.5,249.11795398608584,62.92321095577681
94.44444444444444,277.77777777777777,0.1,116.02246839985617,22.4544366595637
94.44444444444444,277.77777777777777,0.14444444444444446,122.54256419507956,24.93589315198705
94.44444444444444,277.77777777777777,0.18888888888888888,131.19949362461963,28.0740513258765
94.44444444444444,277.77777777777777,0.23333333333333334,142.0956233751118,31.825183156205796
94.44444444444444,277.77777777777777,0.2777777777777778,155.31787414321593,36.14347620893329
94.44444444444444,277.77777777777777,0.32222222222222224,170.94203976379742,40.97931975341552
94.44444444444444,277.77777777777777,0.3666666666666667,189.03551651186223,46.27914175649334
94.44444444444444,277.77777777777777,0.4111111111111111,209.6591268977771,51.985635858996616
94.44444444444444,277.77777777777777,0.4555555555555556,232.8683978692586,58.03807296451883
94.44444444444444,277.77777777777777,0.5,258.71449198782625,64.37260815802786
94.44444444444444,300.0,0.1,124.8520634656563,23.988044847491274
94.44444444444444,300.0,0.14444444444444446,131.44693934230435,26.464653572791484
94.44444444444444,300.0,0.18888888888888888,140.1810224775594,29.598287148955514
94.44444444444444,300.0,0.23333333333333334,151.15615949054725,33.343737773691586
94.44444444444444,300.0,0.2777777777777778,164.4589457816005,37.6543407711453
94.44444444444444,300.0,0.32222222222222224,180.16495121736915,42.47993897620524
94.44444444444444,300.0,0.3666666666666667,198.34140789957823,47.76658484612598
94.44444444444444,300.0,0.4111111111111111,219.04901253940557,53.45670112635311
94.44444444444444,300.0,0.4555555555555556,242.343192443146,59.489356153484216
94.44444444444444,300.0,0.5,268.2750291931156,65.80054931406197
100.0,100.0,0.1,46.43042128518083,10.321104198717519
100.0,100.0,0.14444444444444446,52.841009681316805,12.984122819414784
100.0,100.0,0.18888888888888888,61.629322879724405,16.394692845156086
100.0,100.0,0.23333333333333334,72.9171928490531,20.518745685998606
100.0,100.0,0.2777777777777778,86.80661419255216,25.313408747531906
100.0,100.0,0.32222222222222224,103.38577865555114,30.728380162239482
100.0,100.0,0.3666666666666667,122.73266938018358,36.70713367603531
100.0,100.0,0.4111111111111111,144.9173834965507,43.187857821471255
100.0,100.0,0.4555555555555556,170.00372493616888,50.104181230855126
100.0,100.0,0.5,198.0503472465283,57.38573985171678
100.0,122.22222222222223,0.1,55.53718963464651,11.980381411145135
100.0,122.22222222222223,0.14444444444444446,62.07574044679659,14.679502797597392
100.0,122.22222222222223,0.18888888888888888,70.99607776713144,18.12403227217372
100.0,122.22222222222223,0.23333333333333334,82.41914363353597,22.27812894549074
100.0,122.22222222222223,0.2777777777777778,96.44637600766248,27.09790209516403
100.0,122.22222222222223,0.32222222222222224,113.16558338420191,32.53240018301429
100.0,122.22222222222223,0.3666666666666667,132.6544679747343,38.52465342105408
100.0,122.22222222222223,0.4111111111111111,154.98291164390716,45.01253295469946
100.0,122.22222222222223,0.4555555555555556,180.2145478185142,51.92943234111732
100.0,122.22222222222223,0.5,208.4078914757962,59.20480882045035
100.0,144.44444444444446,0.1,64.62150454204702,13.618976825622081
100.0,144.44444444444446,0.14444444444444446,71.27682363075391,16.345316005250393
100.0,144.44444444444446,0.18888888888888888,80.31763561592838,19.81545523833201
100.0,144.44444444444446,0.23333333333333334,91.8640704557458,23.991838364614168
100.0,144.44444444444446,0.2777777777777778,106.01705816521321,28.8295888184224
100.0,144.44444444444446,0.32222222222222224,122.86405751511072,34.27712541441356
100.0,144.44444444444446,0.3666666666666667,142.48251436224186,40.27704795885713
100.0,144.44444444444446,0.4111111111111111,164.94211413720103,46.766919121980976
100.0,144.44444444444446,0.4555555555555556,190.3063346777952,53.67990356134018
100.0,144.44444444444446,0.5,218.63356451312777,60.94528412827112
100.0,166.66666666666666,0.1,73.68839514917455,15.241522769526476
100.0,166.66666666666666,0.14444444444444446,80.45179564822699,17.98818483376032
100.0,166.66666666666666,0.18888888888888888,89.60411969875638,21.477454306034815
100.0,166.66666666666666,0.23333333333333334,101.26474559313532,25.670104010489176
100.0,166.66666666666666,0.2777777777777778,115.53413318793896,30.520296591690833
100.0,166.66666666666666,0.32222222222222224,132.4994175474184,35.97583675575075
100.0,166.66666666666666,0.3666666666666667,152.23780724487335,41.97890409089715
100.0,166.66666666666666,0.4111111111111111,174.8188058903717,48.46675970801141
100.0,166.66666666666666,0.4555555555555556,200.30574730763058,55.37234415736549
100.0,166.66666666666666,0.5,228.75690298460594,62.624769252790706
100.0,188.88888888888889,0.1,82.74125369212362,16.851143821321738
100.0,188.88888888888889,0.14444444444444446,89.60573993097668,19.612576191403246
100.0,188.88888888888889,0.18888888888888888,98.86235832395633,23.115757843642193
100.0,188.88888888888889,0.23333333333333334,110.62978414990592,27.31982622603072
100.0,188.88888888888889,0.2777777777777778,125.0080375384136,32.17800336938302
100.0,188.88888888888889,0.32222222222222224,142.08395079940976,37.63749238475863
100.0,188.88888888888889,0.3666666666666667,161.93451058108744,43.640060846661626
100.0,188.88888888888889,0.4111111111111111,184.62905044149207,50.12267387606352
100.0,188.88888888888889,0.4555555555555556,210.23076951169756,57.0180517752911
100.0,188.88888888888889,0.5,238.7978298141106,64.25513801952633
100.0,211.11111111111111,0.1,91.78249656026001,18.450065709984763
100.0,211.11111111111111,0.14444444444444446,98.74227755669521,21.221671988092325
100.0,211.11111111111111,0.18888888888888888,108.0972154960381,24.734446336121554
100.0,211.11111111111111,0.23333333333333334,119.96532291771905,28.94592032809076
100.0,211.11111111111111,0.2777777777777778,134.44620541534218,33.808392082660085
100.0,211.11111111111111,0.32222222222222224,151.62640988865385,39.268473474447774
100.0,211.11111111111111,0.3666666666666667,171.58271377434713,45.267526855727816
100.0,211.11111111111111,0.4111111111111111,194.38429032035563,51.74222596791448
100.0,211.11111111111111,0.4555555555555556,220.0942116813587,58.62507406013059
100.0,211.11111111111111,0.5,248.77053668525699,65.84484850300869
100.0,233.33333333333331,0.1,100.81391721647088,20.03994038878646
100.0,233.33333333333331,0.14444444444444446,107.86409611726835,22.817833861988948
100.0,233.33333333333331,0.18888888888888888,117.31230131679001,26.33654835099333
100.0,233.33333333333331,0.23333333333333334,129.2759166708367,30.55203450287491
100.0,233.33333333333331,0.2777777777777778,143.85415453853466,35.415680647008244
100.0,233.33333333333331,0.32222222222222224,161.13329107564425,40.87351618080858
100.0,233.33333333333331,0.3666666666666667,181.1899052579815,46.866503977205575
100.0,233.33333333333331,0.4111111111111111,204.09301826112548,53.33103029656939
100.0,233.33333333333331,0.4555555555555556,229.90558178821905,60.199384036291384
100.0,233.33333333333331,0.5,258.6855567754495,67.40017835160889
100.0,255.55555555555554,0.1,109.83689022254327,21.622033962454456
100.0,255.55555555555554,0.14444444444444446,116.97325546078767,24.40287184083042
100.0,255.55555555555554,0.18888888888888888,126.51038267255316,27.9243850699296
100.0,255.55555555555554,0.23333333333333334,138.56505631988446,32.14096482572238
100.0,255.55555555555554,0.2777777777777778,153.23611384791346,37.003101794752276
100.0,255.55555555555554,0.32222222222222224,170.6095732821628,42.456250430665136
100.0,255.55555555555554,0.3666666666666667,190.76182438370685,48.4409790662484
100.0,255.55555555555554,0.4111111111111111,213.76174334070092,54.893389833766825
100.0,255.55555555555554,0.4555555555555556,239.67216701649338,61.74555960229737
100.0,255.55555555555554,0.5,268.55096301625576,68.92593893646016
100.0,277.77777777777777,0.1,118.85249662901974,23.197342183391925
100.0,277.77777777777777,0.14444444444444446,126.07137559438416,25.9782094557275
100.0,277.77777777777777,0.18888888888888888,135.69363563428232,29.499782030879768
100.0,277.77777777777777,0.23333333333333334,147.83548735863457,33.71491032383659
100.0,277.77777777777777,0.2777777777777778,162.59540927457937,38.57319797037643
100.0,277.77777777777777,0.32222222222222224,180.0591722769615,44.01953104975154
100.0,277.77777777777777,0.3666666666666667,200.30298497501605,49.9940876617368
100.0,277.77777777777777,0.4111111111111111,223.3955847477427,56.43268873435281
100.0,277.77777777777777,0.4555555555555556,249.39969851229938,63.26720113445015
100.0,277.77777777777777,0.5,278.37310451990436,70.42591425288607
100.0,300.0,0.1,127.86160487605854,24.76666496921659
100.0,300.0,0.14444444444444446,135.1597579181255,27.544990271698182
100.0,300.0,0.18888888888888888,144.8638083047071,31.064205742950787
100.0,300.0,0.23333333333333334,157.08941532415693,35.27563754138682
100.0,300.0,0.2777777777777778,171.93471263822812,40.12801159539888
100.0,300.0,0.32222222222222224,189.48523371392162,45.56565140476511
100.0,300.0,0.3666666666666667,209.81701312100893,51.52834863561475
100.0,300.0,0.4111111111111111,232.9986548792534,57.95164559089487
100.0,300.0,0.4555555555555556,259.09278027632496,64.76720092246441
100.0,300.0,0.5,288.15708171769984,71.90314409724067
